[bricks]
=" 1 89 100 4 1 4 2361611 0.3 1
=" -8 -4 -54 8 4 1 16510726 1 1
=" -69 -94 -1 6 5 9 11957494 0.7 1
=" 85 61 -28 1 5 4 10260121 1 1
=" -47 22 -29 4 10 5 9620604 0.5 1
=" 96 61 -59 4 9 2 6118158 1 1
=" -56 72 6 8 8 3 6187215 0.7 1
=" -91 46 40 6 1 4 7712865 0.4 1
=" 84 64 24 9 4 2 4754743 0.3 1
=" 99 -2 32 9 7 1 13167893 1 1
=" 78 -37 22 6 6 10 3818310 0.7 1
=" 42 85 -79 8 3 6 1163454 0.2 1
=" -23 37 -96 8 9 4 16694235 0.9 1
=" 59 31 37 5 7 5 6455840 0.6 1
=" 57 100 -68 4 10 4 16038749 0.7 1
=" -37 -88 -12 6 7 6 11724777 0.1 1
=" -61 44 44 1 1 8 15870034 0.9 1
=" -26 26 -41 1 1 7 10343765 0.9 1
=" 36 56 -54 7 2 2 5645529 0.5 1
=" -50 56 -95 9 3 8 15135008 0.5 1
=" -11 24 12 5 4 6 4843122 0.8 1
=" -73 17 50 3 3 4 1983412 1 1
=" -71 -30 19 4 6 10 13307665 0.8 1
=" 42 65 35 10 6 6 8127504 1 1
=" -61 -92 -6 6 6 8 3863610 0.7 1
=" -32 97 84 7 4 1 9273600 0.5 1
=" -23 -71 61 10 1 6 12010854 0.8 1
=" -16 -22 58 10 10 3 16270234 0.2 1
=" -36 -12 39 9 2 10 9312369 0.6 1
=" 81 -5 -71 3 6 7 12529885 1 1
=" 70 11 66 10 2 6 12100840 0.6 1
=" 87 2 9 9 8 6 1075602 0.2 1
=" 91 52 96 2 7 6 11497123 0.6 1
=" -99 67 68 6 6 6 7022704 0.4 1
=" -73 -51 -39 3 8 1 14490017 0.8 1
=" 8 -18 24 4 10 7 7297286 0.9 1
=" -12 -18 -95 2 10 8 11867048 1 1
=" 8 9 -7 1 2 9 7556948 0.3 1
=" -74 52 12 10 8 5 10665759 0.4 1
=" 67 -49 31 8 10 1 10650131 0.4 1
=" 0 32 0 5 4 3 6597533 1 1
=" 51 72 97 9 8 5 2614348 0.9 1
=" -62 44 59 10 2 5 5151946 1 1
=" 37 93 47 7 1 4 16770860 0.6 1
=" -95 0 100 4 8 4 5210487 0.5 1
=" -50 -41 -31 10 8 6 14686292 1 1
=" -57 34 81 4 1 3 5593300 0.8 1
=" -66 -87 -19 3 5 5 13101109 0.5 1
=" 81 56 72 7 2 2 1142875 0.5 1
=" -7 -17 -15 2 10 3 2002840 0.2 1
=" 94 -96 -2 1 3 9 14205830 0.5 1
=" 78 -50 27 4 7 5 13117494 0.6 1
=" -61 28 -68 4 9 3 13284118 0.3 1
=" 29 -57 -7 6 6 6 11570591 0.5 1
=" 22 -64 9 9 1 4 4248025 0.9 1
=" 29 78 -57 3 4 10 14249997 0.5 1
=" 27 -98 74 5 3 7 12012200 0.9 1
=" 75 -64 -11 4 8 2 14562735 0.4 1
=" -37 -17 -56 4 9 5 3545375 0.5 1
=" -27 -15 49 7 5 6 2833882 0.1 1
=" 21 -93 1 9 7 3 12351524 0.6 1
=" -20 -64 92 2 4 9 9222837 0.7 1
=" -53 55 91 1 3 2 8272449 0.7 1
=" 18 -53 -43 1 9 5 1165224 0.5 1
=" -2 14 -44 2 8 1 12641820 0.2 1
=" -60 42 -28 6 6 10 2544317 0.8 1
=" 37 -80 64 10 3 4 9258221 0.9 1
=" 9 68 73 4 3 10 13594106 0.8 1
=" 1 -82 93 3 2 8 8207243 0.4 1
=" -15 71 67 10 8 10 12303416 0.5 1
=" -83 10 -23 4 9 10 3497166 0.5 1
=" 55 -86 56 1 1 6 14179541 0.6 1
=" 37 62 63 8 6 4 1886049 1 1
=" -70 90 84 10 10 7 6164117 0.1 1
=" -60 51 -25 1 7 6 7770982 0.5 1
=" 32 -52 7 7 9 4 3020672 0.6 1
=" -63 99 -37 8 3 5 11260294 0.5 1
=" -25 18 -28 4 3 8 5480357 0.5 1
=" -3 41 0 2 3 10 10798713 1 1
=" -59 -65 22 1 6 8 9304413 0.8 1
=" 56 74 -9 1 3 2 8705976 0.7 1
=" 43 77 95 10 7 4 6623883 0.1 1
=" -100 79 -46 3 9 10 3896230 0.1 1
=" -82 69 -81 7 7 7 6492436 0.5 1
=" 4 69 -3 9 10 1 8129499 0.7 1
=" 77 -8 29 5 8 1 9933916 0.8 1
=" 86 73 -90 8 8 3 14150372 0.9 1
=" -75 88 4 8 6 10 2768735 0.2 1
=" 50 30 86 8 7 5 6838666 0.6 1
=" 74 -90 -94 7 1 7 6609898 0.1 1
=" -3 -11 61 3 8 7 2373835 0.9 1
=" 17 32 23 2 6 8 4810251 0.4 1
=" -15 -58 -93 1 7 5 10231707 0.5 1
=" -1 28 -75 6 3 6 10061749 0.8 1
=" 93 -20 -97 7 1 2 9291124 0.7 1
=" 64 -67 62 4 10 1 11810499 0.4 1
=" -39 49 -11 10 2 1 7141573 0.7 1
=" 39 10 -47 10 1 9 11829411 0.1 1
=" -47 45 46 4 9 3 15856909 0.7 1
=" -10 51 -83 4 9 8 12796716 0.2 1
=" 6 -59 -83 8 3 6 6749311 1 1
=" -88 34 83 2 6 7 2762682 0.8 1
=" -32 79 -78 3 2 1 15420758 0.7 1
=" 63 -99 -96 7 8 8 13638068 0.4 1
=" 99 80 -91 3 5 5 3560464 0.5 1
=" -77 -75 21 7 8 8 7534180 0.1 1
=" 33 12 -40 9 7 3 7934068 0.5 1
=" -55 -1 -83 1 3 10 5854280 0.3 1
=" 61 -21 6 3 9 8 11504253 1 1
=" 74 -42 22 7 1 1 11656206 0.8 1
=" 24 100 13 3 3 1 11287009 0.5 1
=" 7 53 -7 9 7 9 1573776 0.5 1
=" -58 25 36 1 4 4 270820 0.3 1
=" 31 25 71 8 7 6 7290221 0.4 1
=" 9 100 10 8 1 3 3485751 0.6 1
=" 97 35 -22 7 5 5 1906432 0.8 1
=" -78 59 52 5 2 8 12083617 0.9 1
=" -20 15 5 1 2 10 6576230 0.7 1
=" 92 88 -15 10 2 7 9532418 0.2 1
=" -39 92 59 8 5 10 8414189 0.6 1
=" 40 -48 -94 9 1 8 11145189 0.5 1
=" -35 -63 4 5 2 10 1802722 0.2 1
=" 71 7 -81 1 2 7 2606793 0.5 1
=" 25 90 -45 1 9 8 10374250 0.6 1
=" -93 30 -20 1 5 1 8421116 0.8 1
=" -49 -96 -66 4 10 3 8403680 0.8 1
=" 63 20 59 10 3 10 7635066 0.9 1
=" 80 46 91 8 6 6 4978925 0.6 1
=" -56 40 22 7 8 2 5972227 0.1 1
=" -74 6 -16 1 9 10 14193336 0.7 1
=" 4 28 21 8 6 1 11248220 0.5 1
=" 58 25 -53 3 2 6 13961567 0.5 1
=" -54 -12 -91 10 6 5 280054 0.7 1
=" 87 -13 49 8 4 6 6139589 0.9 1
=" -54 94 31 9 1 4 5185043 0.9 1
=" 91 9 -79 2 1 10 9555595 0.4 1
=" -24 24 -39 10 1 4 10270237 1 1
=" 51 -29 40 2 10 1 16497456 0.2 1
=" -93 28 -100 1 10 4 14705459 1 1
=" 71 97 -88 10 10 7 3996280 0.4 1
=" -50 8 -54 3 9 9 3853885 0.7 1
=" -60 86 46 2 10 8 5527184 0.1 1
=" -30 -34 -82 4 7 10 3826639 0.5 1
=" 91 -42 -14 9 10 7 2952396 0.2 1
=" -59 -19 -11 1 3 7 11580710 0.5 1
=" 21 -16 21 6 2 10 10551413 0.5 1
=" -48 44 60 10 7 1 6768033 0.7 1
=" -37 67 3 3 5 7 6838623 0.8 1
=" -80 71 56 4 6 5 13508520 0.2 1
=" 78 -18 46 1 4 4 8456891 0.7 1
=" -85 -40 2 8 4 10 6862939 0.7 1
=" 49 85 76 3 7 3 15967959 0.8 1
=" -73 46 -87 7 3 9 13274501 0.1 1
=" -44 4 -78 7 9 7 3798914 1 1
=" 84 47 44 3 7 2 14838956 0.4 1
=" -90 53 28 7 1 6 6513059 0.2 1
=" -36 -9 70 6 4 7 10273476 0.7 1
=" -69 45 -53 1 4 5 16519648 0.3 1
=" -60 41 0 9 9 4 4084776 0.9 1
=" -71 77 11 2 5 10 6358501 0.8 1
=" -20 -55 -37 8 9 10 5849570 0.1 1
=" 31 17 -89 10 1 1 4135240 0.3 1
=" 49 49 -81 6 2 4 7774465 0.3 1
=" -56 -96 -7 7 10 9 8206771 0.4 1
=" -86 61 -80 10 8 5 16158719 0.4 1
=" -93 -97 -25 1 1 7 5597026 0.9 1
=" -26 -14 -23 5 8 9 12901884 1 1
=" 74 -53 38 9 1 2 3355315 0.2 1
=" 97 -40 -82 8 8 1 1755691 0.8 1
=" -85 -4 75 2 2 3 15828968 0.5 1
=" 28 -35 94 5 2 8 6797440 0.1 1
=" 95 -81 75 1 3 1 3504356 0.3 1
=" -25 -40 96 2 4 1 15387218 0.5 1
=" 13 58 14 7 10 6 2406096 0.7 1
=" 69 -78 -91 1 9 5 988888 0.9 1
=" 9 87 76 9 1 1 1364257 0.4 1
=" -22 -88 3 8 2 5 3044278 0.8 1
=" -56 51 -24 3 3 6 14339222 0.2 1
=" 27 80 -76 5 4 2 5213507 0.9 1
=" -77 -62 44 2 3 8 8585117 0.7 1
=" 72 -95 -17 1 5 6 11935454 0.7 1
=" -30 -82 81 7 7 8 12146561 0.3 1
=" 31 70 47 1 1 1 15122828 0.2 1
=" -53 24 -46 6 5 8 3088056 0.3 1
=" 63 20 -45 3 3 10 15952852 0.6 1
=" -84 71 -67 7 7 9 15789838 0.3 1
=" 48 35 -47 8 8 2 15388599 1 1
=" 58 -62 -6 3 10 7 8060388 0.8 1
=" -49 52 -89 5 8 1 128184 0.9 1
=" 72 -65 4 5 1 5 12192042 0.9 1
=" -73 99 16 9 2 5 13646801 1 1
=" 37 -44 -69 7 10 7 7475594 0.2 1
=" -21 0 30 2 6 7 16302195 0.4 1
=" 67 -1 66 10 10 6 11885161 0.1 1
=" 10 -43 91 8 8 8 11131691 0.5 1
=" -90 64 -75 10 5 6 3003535 0.9 1
=" -85 66 99 6 5 10 15876680 0.4 1
=" -9 55 -57 5 4 10 8526742 0.9 1
=" -58 -8 19 10 3 3 7747339 0.3 1
=" -85 18 -47 6 2 5 6354188 0.3 1
=" -46 -26 64 8 4 8 1173492 0.8 1