[bricks]
=" 2 0 0 2000 2000 1 1871285 0.9 1
=" 2 0 0 7 7 1 9474062 1 1
=" 5 0 1 70 70 3 5384469 1 1

=" 0 0 0 2 4 1 1871285 0 1
=" 0 0 0 2 4 1 6134210 0 1
=" 0 0 0 2 4 1 13923677 0 1
=" 0 0 0 2 4 1 2464697 0 1
=" 0 0 0 2 4 1 1 4778703 0 1

=" 5 0 4 68 68 1 555053 1 1
=" 0 60 5 9 78 1 5384469 1 1
=" 5 110 1 70 70 3 8421504 1 1
=" 5 110 4 68 68 1 6908265 1 1
=" 100 0 1 70 70 4 12759680 1 1
=" 60 -10 5 78 9 1 5384469 1 1

=" 10 20 5 2 2 6 5384469 1 1
=" 10 20 11 7 7 1 3825419 1 1
=" 10 20 12 6 6 1 3825419 1 1
=" 10 20 13 5 5 1 3825419 1 1
=" 10 20 14 4 4 1 3825419 1 1
=" 10 20 15 3 3 1 3825419 1 1
=" 10 20 16 2 2 1 3825419 1 1
=" 10 20 17 1 1 1 3825419 1 1

=" -20 10 5 2 2 6 5384469 1 1
=" -20 10 11 7 7 1 3825419 1 1
=" -20 10 12 6 6 1 3825419 1 1
=" -20 10 13 5 5 1 3825419 1 1
=" -20 10 14 4 4 1 3825419 1 1
=" -20 10 15 3 3 1 3825419 1 1
=" -20 10 16 2 2 1 3825419 1 1
=" -20 10 17 1 1 1 3825419 1 1

=" 5 -30 5 2 2 6 5384469 1 1
=" 5 -30 11 7 7 1 3825419 1 1
=" 5 -30 12 6 6 1 3825419 1 1
=" 5 -30 13 5 5 1 3825419 1 1
=" 5 -30 14 4 4 1 3825419 1 1
=" 5 -30 15 3 3 1 3825419 1 1
=" 5 -30 16 2 2 1 3825419 1 1
=" 5 -30 17 1 1 1 3825419 1 1

=" -5 -10 5 2 2 5 5384469 1 1
=" -5 -10 10 7 7 1 3825419 1 1
=" -5 -10 11 6 6 1 3825419 1 1
=" -5 -10 12 5 5 1 3825419 1 1
=" -5 -10 13 4 4 1 3825419 1 1
=" -5 -10 14 3 3 1 3825419 1 1
=" -5 -10 15 2 2 1 3825419 1 1
=" -5 -10 16 1 1 1 3825419 1 1	

=" -20 -10 5 2 2 13 5384469 1 1
=" -20 -10 14 7 7 1 3825419 1 1
=" -20 -10 15 6 6 1 3825419 1 1
=" -20 -10 16 5 5 1 3825419 1 1
=" -20 -10 17 4 4 1 3825419 1 1
=" -20 -10 18 3 3 1 3825419 1 1
=" -20 -10 19 2 2 1 3825419 1 1
=" -20 -10 20 1 1 1 3825419 1 1	

=" 100 0 5 2 2 10 6059358 1 1
=" 130 15 5 2 2 10 6059358 1 1
=" 80 -20 5 2 2 10 6059358 1 1
=" 111 5 5 2 2 8 6059358 1 1
=" 117 20 5 2 2 8 6059358 1 1
=" 70 19 5 2 2 10 6059358 1 1