[bricks] 
=" 0 0 0 2 4 1 1871285 0 1
=" 0 0 3 2 4 1 6134210 0 1
=" 0 0 0 2 4 1 13923677 0 1
=" 0 0 0 2 4 1 2464697 0 1
=" 0 0 0 2 4 1 1 4778703 0 1

(Castle)
=" 14 14 0 8 8 18 11119017 1 1
=" -14 14 0 8 8 18 11119017 1 1
=" 14 -14 0 8 8 18 11119017 1 1
=" -14 -14 0 8 8 18 11119017 1 1
=" 14 0 0 2 20 8 11119017 1 1
=" -14 0 0 2 20 8 11119017 1 1
=" 0 14 0 20 2 8 11119017 1 1
=" 0 -14 0 20 2 8 11119017 1 1

=" 16 0 0 2 6 6 9251083 1 1

=" 4 14 8 2 2 1 11119017 1 1
=" 8 14 8 2 2 1 11119017 1 1
=" 0 14 8 2 2 1 11119017 1 1
=" -4 14 8 2 2 1 11119017 1 1
=" -8 14 8 2 2 1 11119017 1 1

=" 4 -14 8 2 2 1 11119017 1 1
=" 8 -14 8 2 2 1 11119017 1 1
=" 0 -14 8 2 2 1 11119017 1 1
=" -4 -14 8 2 2 1 11119017 1 1
=" -8 -14 8 2 2 1 11119017 1 1

=" 14 4 8 2 2 1 11119017 1 1
=" 14 8 8 2 2 1 11119017 1 1
=" 14 0 8 2 2 1 11119017 1 1
=" 14 -8 8 2 2 1 11119017 1 1
=" 14 -4 8 2 2 1 11119017 1 1

=" -14 4 8 2 2 1 11119017 1 1
=" -14 8 8 2 2 1 11119017 1 1
=" -14 0 8 2 2 1 11119017 1 1
=" -14 -8 8 2 2 1 11119017 1 1
=" -14 -4 8 2 2 1 11119017 1 1

(Turrets)
=" 14 14 18 10 10 4 12976128 1 1
=" -14 14 18 10 10 4 12976128 1 1
=" 14 -14 18 10 10 4 12976128 1 1
=" -14 -14 18 10 10 4 12976128 1 1
=" 14 14 22 8 8 4 12976128 1 1
=" -14 14 22 8 8 4 12976128 1 1
=" 14 -14 22 8 8 4 12976128 1 1
=" -14 -14 22 8 8 4 12976128 1 1
=" 14 14 26 6 6 4 12976128 1 1
=" -14 14 26 6 6 4 12976128 1 1
=" 14 -14 26 6 6 4 12976128 1 1
=" -14 -14 26 6 6 4 12976128 1 1
=" 14 14 30 4 4 4 12976128 1 1
=" -14 14 30 4 4 4 12976128 1 1
=" 14 -14 30 4 4 4 12976128 1 1
=" -14 -14 30 4 4 4 12976128 1 1
=" 14 14 34 2 2 4 12976128 1 1
=" -14 14 34 2 2 4 12976128 1 1
=" 14 -14 34 2 2 4 12976128 1 1
=" -14 -14 34 2 2 4 12976128 1 1

(Trees)
=" 23 8 0 1 1 2 9251083 1 1
=" 23 8 2 3 3 3 1063457 1 1
=" 23 8 5 1 3 3 1063457 1 1
=" 23 8 5 3 1 3 1063457 1 1
=" 23 8 8 1 1 3 1063457 1 1
=" 23 -8 0 1 1 2 9251083 1 1
=" 23 -8 2 3 3 3 1063457 1 1
=" 23 -8 5 1 3 3 1063457 1 1
=" 23 -8 5 3 1 3 1063457 1 1
=" 23 -8 8 1 1 3 1063457 1 1
