[bricks]
=" 2 0 0 7 7 1 9474062 1 1
=" 5 0 1 1 7 8 5384469 1 1
=" 4 0 2 2 4 1 1871285 1 1
=" 5 -1 3 2 4 1 6134210 1 1
=" 5 -2 4 2 4 1 13923677 1 1
=" 5 -3 5 2 4 1 2464697 1 1
=" 5 -4 6 2 4 1 14778703 1 1
=" 4 -5 7 2 4 1 555053 1 1
=" 3 -6 8 2 4 1 3770601 1 1
=" 2 -6 9 2 4 1 6566858 1 1
=" 1 -6 10 2 4 1 5375850 1 1
=" 0 -6 11 2 4 1 7767268 1 1
=" -1 -5 12 2 4 1 10519135 1 1
=" -2 -4 13 2 4 1 6227624 1 1
=" -2 -3 14 2 4 1 454574 1 1
=" -2 -2 15 2 4 1 2089234 1 1
=" -2 -1 16 2 4 1 2866235 1 1
=" -1 0 17 2 4 1 11505510 1 1
=" 0 1 18 2 4 1 16116952 1 1
=" 1 2 19 2 4 1 1409960 1 1
=" 2 2 20 2 4 1 4060544 1 1
=" 3 1 21 2 4 1 14932414 1 1
=" 4 0 22 2 4 1 14347621 1 1
=" 5 -1 23 2 4 1 12723897 1 1
=" 5 -2 24 2 4 1 4275583 1 1
=" 5 -3 25 2 4 1 7139427 1 1
=" 4 -4 26 2 4 1 12349681 1 1
=" 4 -5 27 2 4 1 7953508 1 1
=" 4 -6 28 2 4 1 644020 1 1
=" 4 -7 29 2 4 1 12607870 1 1
=" 4 -6 30 2 4 1 965148 1 1
=" 4 -5 31 2 4 1 14888034 1 1
=" 4 -4 32 2 4 1 13055254 1 1